modify_pitch,-1.50
scale_radius,1.00
station,20.00
radius,,0.01143,0.02286,0.03429,0.04572,0.05715,0.06858,0.08001,0.09144,0.10287,0.1143,0.12573,0.13716,0.14859,0.16002,0.17145,0.18288,0.19431,0.20574,0.21717,0.2286
r_R,,0.05,0.1,0.15,0.2,0.25,0.3,0.35,0.4,0.45,0.5,0.55,0.6,0.65,0.7,0.75,0.8,0.85,0.9,0.95,1
chord,,0.019428,0.019862,0.025314,0.033232,0.038645,0.042025,0.044301,0.04382,0.043009,0.041574,0.040027,0.038589,0.036457,0.034285,0.032684,0.030497,0.027804,0.024821,0.021075,0.009098
c_R,,0.0849869,0.0868854,0.110735,0.145372,0.169051,0.183836,0.193793,0.191689,0.188141,0.181864,0.175096,0.168806,0.159479,0.149978,0.142975,0.133408,0.121627,0.108578,0.0921916,0.0397988
beta,,1.209,1.209,15.763,22.586,21.375,19.727,17.023,15.476,13.973,12.472,11.9,10.937,10.536,9.683,9.268,8.885,8.336,7.352,7.123,7.526
airfoil_Type,,airfoil5,airfoil5,airfoil5,airfoil5,airfoil5,airfoil10,airfoil10,airfoil10,airfoil10,airfoil10,airfoil10,airfoil10,airfoil15,airfoil15,airfoil15,airfoil15,airfoil15,airfoil15,airfoil15,airfoil15
blades,2
